"OH.FHB" "IN.FHB.index" "KY.FHB.index" "IL.FHB.index" "FHB.index" "pred.OH.FHB" "pred.IN.FHB.index" "pred.KY.FHB.index" "pred.IL.FHB.index" "pred.FHB.index"
"OH.FHB" 1 NA NA NA 1 0.725032617542543 0.0516276464510662 0.156487731067978 0.20495515489075 0.701282718250161
"IN.FHB.index" NA 1 NA NA 1 0.084239169862633 0.623887625823333 0.0915452572124329 0.0334907653123866 0.563644254123435
"KY.FHB.index" NA NA 1 NA 1 0.269144407731125 0.0786116515966402 0.654723010702469 0.270171590713862 0.502507271520278
"IL.FHB.index" NA NA NA 1 1 0.308196557872351 0.126337530104224 0.261230957331298 0.68943282588323 0.562888006582056
"FHB.index" 1 1 1 1 1 0.625445303190457 0.145288899913211 0.186889094764659 0.239679808548002 0.678169630655955
"pred.OH.FHB" 0.725032617542543 0.084239169862633 0.269144407731125 0.308196557872351 0.625445303190457 1 0.171934415898544 0.490072014459953 0.56681701060423 0.930471375469668
"pred.IN.FHB.index" 0.0516276464510662 0.623887625823333 0.0786116515966402 0.126337530104224 0.145288899913211 0.171934415898544 1 0.0658195959218575 0.174810939152456 0.27793641746448
"pred.KY.FHB.index" 0.156487731067978 0.0915452572124329 0.654723010702469 0.261230957331298 0.186889094764659 0.490072014459953 0.0658195959218575 1 0.526667510754965 0.433286048521575
"pred.IL.FHB.index" 0.20495515489075 0.0334907653123866 0.270171590713862 0.68943282588323 0.239679808548002 0.56681701060423 0.174810939152456 0.526667510754965 1 0.519724541775284
"pred.FHB.index" 0.701282718250161 0.563644254123435 0.502507271520278 0.562888006582056 0.678169630655955 0.930471375469668 0.27793641746448 0.433286048521575 0.519724541775284 1
